7
Fire
18 
0 Fire
1 Normal
2 Water
3 Electric 
4 Grass
5 Ice 
6 Fighting
7 Poison
8 Ground
9 Flying
10 Psychic
11 Bug
12 Rock
13 Ghost
14 Dragon
15 Dark
16 Steel
17 Fairy
184
0 0 0.5
0 2 2
0 4 0.5
0 5 0.5
0 8 2
0 11 0.5
0 12 2
0 16 0.5
0 17 0.5
1 0 0.5
1 2 2
1 4 0.5
1 5 0.5
1 6 2
1 8 2
1 11 0.5
1 12 2
1 13 0
1 16 0.5
1 17 0.5
2 0 0.25
2 3 2
2 5 0.25
2 8 2
2 11 0.5
2 12 2
2 16 0.25
2 17 0.5
3 0 0.5
3 2 2
3 3 0.5
3 4 0.5
3 5 0.5 
3 8 4
3 9 0.5
3 11 0.5
3 12 2
3 16 0.25
3 17 0.5
4 3 0.5
4 4 0.25
4 7 2
4 9 2
4 12 2
4 16 0.5
4 17 0.5
5 2 2
5 4 0.5
5 5 0.25
5 6 2
5 8 2
5 11 0.5
5 12 4
5 17 0.5
6 0 0.5
6 2 2
6 4 0.5
6 5 0.5
6 8 2
6 9 2
6 10 2
6 11 0.25
6 15 0.5
6 16 0.5
7 0 0.5 
7 2 2
7 4 0.25
7 5 0.5
7 6 0.5 
7 7 0.5
7 8 4
7 10 2
7 11 0.25
7 12 2
7 16 0.5
7 17 0.25
8 0 0.5
8 2 4
8 3 0 
8 7 0.5
8 8 2
8 11 0.5
8 16 0.5
8 17 0.5
9 0 0.5
9 2 2
9 3 2
9 4 0.25
9 6 0.5
9 8 0 
9 11 0.25
9 12 4
9 16 0.5
9 17 0.5
10 0 0.5
10 2 2
10 4 0.5
10 5 0.5
10 6 0.5
10 8 2
10 10 0.5
10 12 2
10 13 2
10 15 2
10 16 0.5
10 17 0.5
11 2 2
11 4 0.25
11 5 0.5
11 6 0.5
11 9 2
11 11 0.5
11 12 4
11 16 0.5
11 17 0.5
12 1 0.5
12 0 0.25
12 2 4
12 5 0.5
12 6 2
12 7 0.5
12 8 4
12 9 0.5
12 11 0.5
12 12 2
12 17 0.5
13 1 0 
13 0 0.5
13 2 2
13 4 0.5
13 5 0.5
13 6 0
13 7 0.5
13 8 2
13 11 0.25
13 12 2
13 13 2
13 15 2
13 16 0.5
13 17 0.5
14 0 0.25
14 3 0.5
14 4 0.25
14 8 2
14 11 0.5
14 12 2
14 14 2
14 16 0.5
15 0 0.5
15 2 2
15 4 0.5
15 5 0.5
15 6 2
15 8 2
15 10 0
15 12 2
15 13 0.5
15 15 0.5
15 16 0.5
16 1 0.5
16 2 2
16 4 0.25
16 5 0.25
16 6 2
16 7 0
16 8 4
16 9 0.5
16 10 0.5
16 11 0.25
16 14 0.5
16 16 0.25
16 17 0.25
17 0 0.5
17 2 2
17 4 0.5
17 5 0.5
17 6 0.5
17 7 2
17 8 2
17 11 0.25
17 12 2
17 14 0
17 15 0.5
17 17 0.5