7
Ghost
18
0 Ghost
1 Normal
2 Fire
3 Water
4 Electric
5 Grass
6 Ice
7 Fighting
8 Poison
9 Ground
10 Flying
11 Psychic
12 Bug
13 Rock
14 Dragon
15 Dark
16 Steel
17 Fairy
179
0 0 2
0 1 0
0 7 0
0 8 0.5
0 12 0.5
0 15 2
1 0 0
1 1 0
1 7 0
1 8 0.5
1 12 0.5
1 15 2
2 0 2
2 1 0
2 2 0.5
2 3 2
2 5 0.5
2 6 0.5
2 7 0
2 8 0.5
2 9 2
2 12 0.25
2 13 2
2 15 2
2 16 0.5
2 17 0.5
3 0 2
3 1 0
3 2 0.5
3 3 0.5
3 4 2
3 5 2
3 6 0.5
3 7 0
3 8 0.5
3 12 0.5
3 15 2
3 16 0.5
4 0 2
4 1 0
4 4 0.5
4 7 0
4 8 0.5
4 9 2
4 10 0.5
4 12 0.5
4 15 2
4 16 0.5
5 0 2
5 1 0
5 2 2
5 3 0.5
5 4 0.5
5 5 0.5
5 6 2
5 7 0
5 9 0.5
5 10 2
5 15 2
6 0 2
6 1 0
6 2 2
6 6 0.5
6 7 0
6 8 0.5
6 12 0.5
6 13 2
6 15 2
6 16 2
7 0 2
7 1 0
7 7 0
7 8 0.5
7 10 2
7 11 2
7 12 0.25
7 13 0.5
7 17 2
8 0 2
8 1 0
8 5 0.5
8 7 0
8 8 0.25
8 9 2
8 11 2
8 12 0.25
8 15 2
8 17 0.5
9 0 2
9 1 0
9 3 2
9 4 0
9 5 2
9 6 2
9 7 0
9 8 0.25
9 12 0.5
9 13 0.5
9 15 2
10 0 2
10 1 0
10 4 2
10 5 0.5
10 6 2
10 7 0
10 8 0.5
10 9 0
10 12 0.25
10 13 2
10 15 2
11 0 4
11 1 0
11 7 0
11 8 0.5
11 11 0.5
11 15 4
12 0 2
12 1 0
12 2 2
12 5 0.5
12 7 0
12 8 0.5
12 9 0.5
12 10 2
12 12 0.5
12 13 2
12 15 2
13 0 2
13 1 0
13 2 0.5
13 3 2
13 5 2
13 7 0
13 8 0.25
13 9 2
13 10 0.5
13 12 0.5
13 15 2
13 16 2
14 0 2
14 1 0
14 2 0.5
14 3 0.5
14 4 0.5
14 5 0.5
14 6 2
14 7 0
14 8 0.5
14 12 0.5
14 14 2
14 15 2
14 17 2
15 1 0
15 7 0
15 8 0.5
15 11 0
15 17 2
16 0 2
16 1 0
16 2 2
16 5 0.5
16 6 0.5
16 7 0
16 8 0
16 9 2
16 10 0.5
16 11 0.5
16 12 0.25
16 13 0.5
16 14 0.5
16 15 2
16 16 0.5
16 17 0.5
17 0 2
17 1 0
17 7 0
17 12 0.25
17 14 0
17 16 2
