7
Grass
18 
0 Grass
1 Normal
2 Fire
3 Water
4 Electric
5 Ice 
6 Fighting
7 Poison
8 Ground
9 Flying
10 Psychic
11 Bug
12 Rock
13 Ghost
14 Dragon
15 Dark
16 Steel
17 Fairy
178
0 2 2
0 3 0.5
0 4 0.5
0 0 0.5
0 5 2
0 7 2
0 8 0.5
0 9 2
0 11 2
1 2 2
1 3 0.5
1 4 0.5
1 0 0.5
1 5 2
1 6 2
1 7 2
1 8 0.5
1 9 2
1 11 2
1 13 0
2 4 0.5
2 0 0.25
2 7 2
2 9 2
2 12 2
2 16 0.5
2 17 0.5
3 3 0.25
3 7 2
3 8 0.5
3 9 2
3 11 2
3 16 0.5
4 2 2
4 3 0.5
4 4 0.25
4 0 0.5
4 5 2
4 7 2
4 11 2
4 16 0.5
5 2 4
5 3 0.5
5 4 0.5
5 0 0.5
5 6 2
5 7 2
5 8 0.5
5 9 2
5 11 2
5 12 2
5 16 2
6 2 2
6 3 0.5
6 4 0.5
6 0 0.5
6 5 2
6 7 2
6 8 0.5
6 9 4
6 10 2
6 12 0.5
6 15 0.5
6 17 2
7 2 2
7 3 0.5
7 4 0.5
7 0 0.25
7 5 2
7 6 0.5
7 9 2
7 10 2
7 17 0.5
8 2 2
8 4 0
8 5 4
8 8 0.5
8 9 2
8 11 2
8 12 0.5
9 2 2
9 3 0.5
9 0 0.25
9 5 4
9 6 0.5
9 7 2
9 8 0
9 9 2
9 12 2
10 2 2
10 3 0.5
10 4 0.5
10 0 0.5
10 5 2
10 6 0.5
10 7 2
10 8 0.5
10 9 2
10 10 0.5
10 11 4
10 13 2
10 15 2
11 2 4
11 3 0.5
11 4 0.5
11 0 0.25
11 5 2
11 6 0.5
11 7 2
11 8 0.25
11 9 4
11 11 2
11 12 2
12 1 0.5
12 4 0.5
12 5 2
12 6 2
12 11 2
12 16 2
13 1 0
13 2 2
13 3 0.5
13 4 0.5
13 0 0.5
13 5 2
13 6 0
13 8 0.5
13 9 2
13 13 2
13 15 2
14 3 0.25
14 4 0.25
14 0 0.25
14 5 4
14 7 2
14 8 0.5
14 9 2
14 11 2
14 14 2
14 17 2
15 2 2
15 3 0.5
15 4 0.5
15 0 0.5
15 5 2
15 6 2
15 7 2
15 8 0.5
15 9 2
15 10 0
15 11 4
15 13 0.5
15 15 0.5
15 17 2
16 1 0.5
16 2 4
16 3 0.5
16 4 0.5
16 0 0.25
16 6 2
16 7 0
16 10 0.5
16 12 0.5
16 14 0.5
16 16 0.5
16 17 0.5
17 2 2
17 3 0.5
17 4 0.5
17 0 0.5
17 5 2
17 6 0.5
17 7 4
17 8 0.5
17 9 2
17 14 0
17 15 0.5
17 16 2