7
Steel
18 
0 Steel
1 Normal
2 Fire
3 Water
4 Electric 
5 Grass
6 Ice 
7 Fighting
8 Poison
9 Ground
10 Flying
11 Psychic
12 Bug
13 Rock
14 Ghost
15 Dragon
16 Dark
17 Fairy
236
0 1 0.5
0 2 2
0 5 0.5 
0 6 0.5
0 7 2
0 8 0 
0 9 2
0 10 0.5
0 11 0.5 
0 12 0.5 
0 13 0.5
0 15 0.5
0 0 0.5
0 17 0.5
1 1 0.5
1 2 2 
1 5 0.5
1 6 0.5
1 7 4 
1 8 0 
1 9 2
1 10 0.5
1 11 0.5
1 12 0.5
1 13 0.5
1 14 0 
1 15 0.5
1 0 0.5
1 17 0.5
2 1 0.5
2 3 2
2 5 0.25
2 6 0.25 
2 7 2
2 8 0 
2 9 4
2 10 0.5
2 11 0.5
2 12 0.25 
2 15 0.5
2 0 0.25
2 17 0.25
3 1 0.5
3 3 0.5
3 4 2
3 6 0.25
3 7 2
3 8 0
3 9 2
3 10 0.5
3 11 0.5
3 12 0.5
3 13 0.5
3 15 0.5
3 0 0.25
3 17 0.5
4 1 0.5
4 2 2
4 4 0.5
4 5 0.5
4 6 0.5
4 7 2
4 8 0 
4 9 4
4 10 0.25
4 11 0.5
4 12 0.5
4 13 0.5 
4 15 0.5
4 0 0.15
4 17 0.5
5 1 0.5
5 2 4
5 3 0.5
5 4 0.5
5 5 0.25
5 7 2
5 8 0
5 11 0.5
5 13 0.5
5 15 0.5
5 0 0.5
5 17 0.5
6 1 0.5
6 2 4
6 5 0.5
6 6 0.25
6 7 4
6 8 0
6 9 2
6 10 0.5
6 11 0.5
6 12 0.5
6 15 0.5
6 17 0.5
7 1 0.5
7 2 2
7 5 0.5
7 6 0.5
7 7 2
7 8 0 
7 9 2
7 12 0.25
7 13 0.25
7 15 0.5
7 16 0.5
7 0 0.5
8 1 0.5
8 2 2
8 5 0.25
8 6 0.5
8 8 0
8 9 4
8 10 0.5
8 12 0.25
8 13 0.5
8 15 0.5
8 0 0.5
8 17 0.25
9 1 0.5
9 2 2
9 3 2
9 4 0
9 7 2
9 8 0
9 9 2
9 10 0.5
9 11 0.5
9 12 0.5
9 13 0.25
9 15 0.5
9 0 0.5
9 17 0.5
10 1 0.5
10 2 2
10 4 2
10 5 0.25
10 8 0
10 9 0 
10 10 0.5
10 11 0.5
10 12 0.25
10 15 0.5
10 0 0.5
10 17 0.5
11 1 0.5
11 2 2
11 5 0.5
11 6 0.5
11 8 0
11 9 2
11 10 0.5
11 11 0.25
11 13 0.5
11 14 2
11 15 0.5
11 16 2
11 0 0.5
11 17 0.5
12 1 0.5
12 2 4
12 5 0.25
12 6 0.5
12 8 0
12 11 0.5
12 12 0.5
12 15 0.5
12 0 0.5
12 17 0.5
13 1 0.25
13 3 2
13 6 0.5
13 7 4
13 8 0
13 9 4
13 10 0.25
13 11 0.5
13 12 0.5
13 13 0.5
13 15 0.5
13 17 0.5
14 1 0
14 2 2
14 5 0.5
14 6 0.5
14 7 0 
14 8 0 
14 9 2
14 10 0.5
14 11 0.5
14 12 0.25
14 13 0.5
14 14 2
14 15 0.5
14 16 2
14 0 0.5
14 17 0.5
15 1 0.5
15 3 0.5
15 4 0.5
15 5 0.25
15 7 2
15 8 0
15 9 2
15 10 0.5
15 11 0.5
15 12 0.5
15 13 0.5
15 0 0.5
16 1 0.5
16 2 2 
16 5 0.5
16 6 0.5
16 7 4
16 8 0
16 9 2
16 10 0.5
16 11 0
16 13 0.5
16 14 0.5
16 15 0.5
16 16 0.5
16 0 0.5
17 1 0.5
17 2 2
17 5 0.5
17 6 0.5
17 8 0 
17 9 2
17 10 0.5
17 11 0.5
17 12 0.25
17 13 0.5
17 15 0
17 16 0.5
17 17 0.5